00000000 0000000
00000001 0000000
00000010 0100010
00000011 0100011
00000100 0000000
00000101 0100101
00000110 0000000
00000111 0100111
00001000 0000000
00001001 0000000
00001010 0000000
00001011 0101011
00001100 0000000
00001101 0101101
00001110 0000000
00001111 0000000
00010000 0000000
00010001 0000000
00010010 0100011
00010011 0100100
00010100 0000000
00010101 0100110
00010110 0000000
00010111 0101000
00011000 0000000
00011001 0000000
00011010 0000000
00011011 0101100
00011100 0000000
00011101 0101110
00011110 0000000
00011111 0000000
00100000 1000010
00100001 1000011
00100010 1100000
00100011 1111111
00100100 1000110
00100101 1111101
00100110 1001000
00100111 1111011
00101000 1001010
00101001 1001011
00101010 1001100
00101011 1110111
00101100 1001110
00101101 1110101
00101110 1010000
00101111 1010001
00110000 1000011
00110001 1000100
00110010 1100001
00110011 1100000
00110100 1000111
00110101 1111110
00110110 1001001
00110111 1111100
00111000 1001011
00111001 1001100
00111010 1001101
00111011 1111000
00111100 1001111
00111101 1110110
00111110 1010001
00111111 1010010
01000000 0000000
01000001 0000000
01000010 0100110
01000011 0100111
01000100 0000000
01000101 0101001
01000110 0000000
01000111 0101011
01001000 0000000
01001001 0000000
01001010 0000000
01001011 0101111
01001100 0000000
01001101 0110001
01001110 0000000
01001111 0000000
01010000 1000101
01010001 1000110
01010010 1100011
01010011 1100010
01010100 1001001
01010101 1100000
01010110 1001011
01010111 1111110
01011000 1001101
01011001 1001110
01011010 1001111
01011011 1111010
01011100 1010001
01011101 1111000
01011110 1010011
01011111 1010100
01100000 0000000
01100001 0000000
01100010 0101000
01100011 0101001
01100100 0000000
01100101 0101011
01100110 0000000
01100111 0101101
01101000 0000000
01101001 0000000
01101010 0000000
01101011 0110001
01101100 0000000
01101101 0110011
01101110 0000000
01101111 0000000
01110000 1000111
01110001 1001000
01110010 1100101
01110011 1100100
01110100 1001011
01110101 1100010
01110110 1001101
01110111 1100000
01111000 1001111
01111001 1010000
01111010 1010001
01111011 1111100
01111100 1010011
01111101 1111010
01111110 1010101
01111111 1010110
10000000 0000000
10000001 0000000
10000010 0101010
10000011 0101011
10000100 0000000
10000101 0101101
10000110 0000000
10000111 0101111
10001000 0000000
10001001 0000000
10001010 0000000
10001011 0110011
10001100 0000000
10001101 0110101
10001110 0000000
10001111 0000000
10010000 0000000
10010001 0000000
10010010 0101011
10010011 0101100
10010100 0000000
10010101 0101110
10010110 0000000
10010111 0110000
10011000 0000000
10011001 0000000
10011010 0000000
10011011 0110100
10011100 0000000
10011101 0110110
10011110 0000000
10011111 0000000
10100000 0000000
10100001 0000000
10100010 0101100
10100011 0101101
10100100 0000000
10100101 0101111
10100110 0000000
10100111 0110001
10101000 0000000
10101001 0000000
10101010 0000000
10101011 0110101
10101100 0000000
10101101 0110111
10101110 0000000
10101111 0000000
10110000 1001011
10110001 1001100
10110010 1101001
10110011 1101000
10110100 1001111
10110101 1100110
10110110 1010001
10110111 1100100
10111000 1010011
10111001 1010100
10111010 1010101
10111011 1100000
10111100 1010111
10111101 1111110
10111110 1011001
10111111 1011010
11000000 0000000
11000001 0000000
11000010 0101110
11000011 0101111
11000100 0000000
11000101 0110001
11000110 0000000
11000111 0110011
11001000 0000000
11001001 0000000
11001010 0000000
11001011 0110111
11001100 0000000
11001101 0111001
11001110 0000000
11001111 0000000
11010000 1001101
11010001 1001110
11010010 1101011
11010011 1101010
11010100 1010001
11010101 1101000
11010110 1010011
11010111 1100110
11011000 1010101
11011001 1010110
11011010 1010111
11011011 1100010
11011100 1011001
11011101 1100000
11011110 1011011
11011111 1011100
11100000 0000000
11100001 0000000
11100010 0110000
11100011 0110001
11100100 0000000
11100101 0110011
11100110 0000000
11100111 0110101
11101000 0000000
11101001 0000000
11101010 0000000
11101011 0111001
11101100 0000000
11101101 0111011
11101110 0000000
11101111 0000000
11110000 0000000
11110001 0000000
11110010 0110001
11110011 0110010
11110100 0000000
11110101 0110100
11110110 0000000
11110111 0110110
11111000 0000000
11111001 0000000
11111010 0000000
11111011 0111010
11111100 0000000
11111101 0111100
11111110 0000000
11111111 0000000
