00000000 0000000 1111111
00000001 0000000 1111111
00000010 0100010 1111111
00000011 0100011 1111111
00000100 0000000 1111111
00000101 0100101 1111111
00000110 0000000 1111111
00000111 0100111 1111111
00001000 0000000 1111111
00001001 0000000 1111111
00001010 0000000 1111111
00001011 0101011 1111111
00001100 0000000 1111111
00001101 0101101 1111111
00001110 0000000 1111111
00001111 0000000 1111111
00010000 0000000 1111111
00010001 0000000 1111111
00010010 0100011 1111111
00010011 0100100 1111111
00010100 0000000 1111111
00010101 0100110 1111111
00010110 0000000 1111111
00010111 0101000 1111111
00011000 0000000 1111111
00011001 0000000 1111111
00011010 0000000 1111111
00011011 0101100 1111111
00011100 0000000 1111111
00011101 0101110 1111111
00011110 0000000 1111111
00011111 0000000 1111111
00100000 1000010 1111111
00100001 1000011 1111111
00100010 1100000 1111111
00100011 1111111 1111111
00100100 1000110 1111111
00100101 1111101 1111111
00100110 1001000 1111111
00100111 1111011 1111111
00101000 1001010 1111111
00101001 1001011 1111111
00101010 1001100 1111111
00101011 1110111 1111111
00101100 1001110 1111111
00101101 1110101 1111111
00101110 1010000 1111111
00101111 1010001 1111111
00110000 1000011 1111111
00110001 1000100 1111111
00110010 1100001 1111111
00110011 1100000 1111111
00110100 1000111 1111111
00110101 1111110 1111111
00110110 1001001 1111111
00110111 1111100 1111111
00111000 1001011 1111111
00111001 1001100 1111111
00111010 1001101 1111111
00111011 1111000 1111111
00111100 1001111 1111111
00111101 1110110 1111111
00111110 1010001 1111111
00111111 1010010 1111111
01000000 0000000 1111111
01000001 0000000 1111111
01000010 0100110 1111111
01000011 0100111 1111111
01000100 0000000 1111111
01000101 0101001 1111111
01000110 0000000 1111111
01000111 0101011 1111111
01001000 0000000 1111111
01001001 0000000 1111111
01001010 0000000 1111111
01001011 0101111 1111111
01001100 0000000 1111111
01001101 0110001 1111111
01001110 0000000 1111111
01001111 0000000 1111111
01010000 1000101 1111111
01010001 1000110 1111111
01010010 1100011 1111111
01010011 1100010 1111111
01010100 1001001 1111111
01010101 1100000 1111111
01010110 1001011 1111111
01010111 1111110 1111111
01011000 1001101 1111111
01011001 1001110 1111111
01011010 1001111 1111111
01011011 1111010 1111111
01011100 1010001 1111111
01011101 1111000 1111111
01011110 1010011 1111111
01011111 1010100 1111111
01100000 0000000 1111111
01100001 0000000 1111111
01100010 0101000 1111111
01100011 0101001 1111111
01100100 0000000 1111111
01100101 0101011 1111111
01100110 0000000 1111111
01100111 0101101 1111111
01101000 0000000 1111111
01101001 0000000 1111111
01101010 0000000 1111111
01101011 0110001 1111111
01101100 0000000 1111111
01101101 0110011 1111111
01101110 0000000 1111111
01101111 0000000 1111111
01110000 1000111 1111111
01110001 1001000 1111111
01110010 1100101 1111111
01110011 1100100 1111111
01110100 1001011 1111111
01110101 1100010 1111111
01110110 1001101 1111111
01110111 1100000 1111111
01111000 1001111 1111111
01111001 1010000 1111111
01111010 1010001 1111111
01111011 1111100 1111111
01111100 1010011 1111111
01111101 1111010 1111111
01111110 1010101 1111111
01111111 1010110 1111111
10000000 0000000 1111111
10000001 0000000 1111111
10000010 0101010 1111111
10000011 0101011 1111111
10000100 0000000 1111111
10000101 0101101 1111111
10000110 0000000 1111111
10000111 0101111 1111111
10001000 0000000 1111111
10001001 0000000 1111111
10001010 0000000 1111111
10001011 0110011 1111111
10001100 0000000 1111111
10001101 0110101 1111111
10001110 0000000 1111111
10001111 0000000 1111111
10010000 0000000 1111111
10010001 0000000 1111111
10010010 0101011 1111111
10010011 0101100 1111111
10010100 0000000 1111111
10010101 0101110 1111111
10010110 0000000 1111111
10010111 0110000 1111111
10011000 0000000 1111111
10011001 0000000 1111111
10011010 0000000 1111111
10011011 0110100 1111111
10011100 0000000 1111111
10011101 0110110 1111111
10011110 0000000 1111111
10011111 0000000 1111111
10100000 0000000 1111111
10100001 0000000 1111111
10100010 0101100 1111111
10100011 0101101 1111111
10100100 0000000 1111111
10100101 0101111 1111111
10100110 0000000 1111111
10100111 0110001 1111111
10101000 0000000 1111111
10101001 0000000 1111111
10101010 0000000 1111111
10101011 0110101 1111111
10101100 0000000 1111111
10101101 0110111 1111111
10101110 0000000 1111111
10101111 0000000 1111111
10110000 1001011 1111111
10110001 1001100 1111111
10110010 1101001 1111111
10110011 1101000 1111111
10110100 1001111 1111111
10110101 1100110 1111111
10110110 1010001 1111111
10110111 1100100 1111111
10111000 1010011 1111111
10111001 1010100 1111111
10111010 1010101 1111111
10111011 1100000 1111111
10111100 1010111 1111111
10111101 1111110 1111111
10111110 1011001 1111111
10111111 1011010 1111111
11000000 0000000 1111111
11000001 0000000 1111111
11000010 0101110 1111111
11000011 0101111 1111111
11000100 0000000 1111111
11000101 0110001 1111111
11000110 0000000 1111111
11000111 0110011 1111111
11001000 0000000 1111111
11001001 0000000 1111111
11001010 0000000 1111111
11001011 0110111 1111111
11001100 0000000 1111111
11001101 0111001 1111111
11001110 0000000 1111111
11001111 0000000 1111111
11010000 1001101 1111111
11010001 1001110 1111111
11010010 1101011 1111111
11010011 1101010 1111111
11010100 1010001 1111111
11010101 1101000 1111111
11010110 1010011 1111111
11010111 1100110 1111111
11011000 1010101 1111111
11011001 1010110 1111111
11011010 1010111 1111111
11011011 1100010 1111111
11011100 1011001 1111111
11011101 1100000 1111111
11011110 1011011 1111111
11011111 1011100 1111111
11100000 0000000 1111111
11100001 0000000 1111111
11100010 0110000 1111111
11100011 0110001 1111111
11100100 0000000 1111111
11100101 0110011 1111111
11100110 0000000 1111111
11100111 0110101 1111111
11101000 0000000 1111111
11101001 0000000 1111111
11101010 0000000 1111111
11101011 0111001 1111111
11101100 0000000 1111111
11101101 0111011 1111111
11101110 0000000 1111111
11101111 0000000 1111111
11110000 0000000 1111111
11110001 0000000 1111111
11110010 0110001 1111111
11110011 0110010 1111111
11110100 0000000 1111111
11110101 0110100 1111111
11110110 0000000 1111111
11110111 0110110 1111111
11111000 0000000 1111111
11111001 0000000 1111111
11111010 0000000 1111111
11111011 0111010 1111111
11111100 0000000 1111111
11111101 0111100 1111111
11111110 0000000 1111111
11111111 0000000 1111111
