000000000 00000000 11111111
000000001 00000001 11111111
000000010 00000010 11111111
000000011 00000011 11111111
000000100 00000100 11111111
000000101 00000101 11111111
000000110 00000110 11111111
000000111 00000111 11111111
000001000 00001000 11111111
000001001 00001001 11111111
000001010 00001010 11111111
000001011 00001011 11111111
000001100 00001100 11111111
000001101 00001101 11111111
000001110 00001110 11111111
000001111 00001111 11111111
000010000 00010000 11111111
000010001 00010001 11111111
000010010 00010010 11111111
000010011 00010011 11111111
000010100 00010100 11111111
000010101 00010101 11111111
000010110 00010110 11111111
000010111 00010111 11111111
000011000 00011000 11111111
000011001 00011001 11111111
000011010 00011010 11111111
000011011 00011011 11111111
000011100 00011100 11111111
000011101 00011101 11111111
000011110 00011110 11111111
000011111 00011111 11111111
000100000 00100000 11111111
000100001 00100001 11111111
000100010 00100010 11111111
000100011 00100011 11111111
000100100 00100100 11111111
000100101 00100101 11111111
000100110 00100110 11111111
000100111 00100111 11111111
000101000 00101000 11111111
000101001 00101001 11111111
000101010 00101010 11111111
000101011 00101011 11111111
000101100 00101100 11111111
000101101 00101101 11111111
000101110 00101110 11111111
000101111 00101111 11111111
000110000 00110000 11111111
000110001 00110001 11111111
000110010 00110010 11111111
000110011 00110011 11111111
000110100 00110100 11111111
000110101 00110101 11111111
000110110 00110110 11111111
000110111 00110111 11111111
000111000 00111000 11111111
000111001 00111001 11111111
000111010 00111010 11111111
000111011 00111011 11111111
000111100 00111100 11111111
000111101 00111101 11111111
000111110 00111110 11111111
000111111 00111111 11111111
001000000 01000000 11111111
001000001 01000001 11111111
001000010 01000010 11111111
001000011 01000011 11111111
001000100 01000100 11111111
001000101 01000101 11111111
001000110 01000110 11111111
001000111 01000111 11111111
001001000 01001000 11111111
001001001 01001001 11111111
001001010 01001010 11111111
001001011 01001011 11111111
001001100 01001100 11111111
001001101 01001101 11111111
001001110 01001110 11111111
001001111 01001111 11111111
001010000 01010000 11111111
001010001 01010001 11111111
001010010 01010010 11111111
001010011 01010011 11111111
001010100 01010100 11111111
001010101 01010101 11111111
001010110 01010110 11111111
001010111 01010111 11111111
001011000 01011000 11111111
001011001 01011001 11111111
001011010 01011010 11111111
001011011 01011011 11111111
001011100 01011100 11111111
001011101 01011101 11111111
001011110 01011110 11111111
001011111 01011111 11111111
001100000 01100000 11111111
001100001 01100001 11111111
001100010 01100010 11111111
001100011 01100011 11111111
001100100 01100100 11111111
001100101 01100101 11111111
001100110 01100110 11111111
001100111 01100111 11111111
001101000 01101000 11111111
001101001 01101001 11111111
001101010 01101010 11111111
001101011 01101011 11111111
001101100 01101100 11111111
001101101 01101101 11111111
001101110 01101110 11111111
001101111 01101111 11111111
001110000 01110000 11111111
001110001 01110001 11111111
001110010 01110010 11111111
001110011 01110011 11111111
001110100 01110100 11111111
001110101 01110101 11111111
001110110 01110110 11111111
001110111 01110111 11111111
001111000 01111000 11111111
001111001 01111001 11111111
001111010 01111010 11111111
001111011 01111011 11111111
001111100 01111100 11111111
001111101 01111101 11111111
001111110 01111110 11111111
001111111 01111111 11111111
010000000 10000000 11111111
010000001 10000001 11111111
010000010 10000010 11111111
010000011 10000011 11111111
010000100 10000100 11111111
010000101 10000101 11111111
010000110 10000110 11111111
010000111 10000111 11111111
010001000 10001000 11111111
010001001 10001001 11111111
010001010 10001010 11111111
010001011 10001011 11111111
010001100 10001100 11111111
010001101 10001101 11111111
010001110 10001110 11111111
010001111 10001111 11111111
010010000 10010000 11111111
010010001 10010001 11111111
010010010 10010010 11111111
010010011 10010011 11111111
010010100 10010100 11111111
010010101 10010101 11111111
010010110 10010110 11111111
010010111 10010111 11111111
010011000 10011000 11111111
010011001 10011001 11111111
010011010 10011010 11111111
010011011 10011011 11111111
010011100 10011100 11111111
010011101 10011101 11111111
010011110 10011110 11111111
010011111 10011111 11111111
010100000 10100000 11111111
010100001 10100001 11111111
010100010 10100010 11111111
010100011 10100011 11111111
010100100 10100100 11111111
010100101 10100101 11111111
010100110 10100110 11111111
010100111 10100111 11111111
010101000 10101000 11111111
010101001 10101001 11111111
010101010 10101010 11111111
010101011 10101011 11111111
010101100 10101100 11111111
010101101 10101101 11111111
010101110 10101110 11111111
010101111 10101111 11111111
010110000 10110000 11111111
010110001 10110001 11111111
010110010 10110010 11111111
010110011 10110011 11111111
010110100 10110100 11111111
010110101 10110101 11111111
010110110 10110110 11111111
010110111 10110111 11111111
010111000 10111000 11111111
010111001 10111001 11111111
010111010 10111010 11111111
010111011 10111011 11111111
010111100 10111100 11111111
010111101 10111101 11111111
010111110 10111110 11111111
010111111 10111111 11111111
011000000 11000000 11111111
011000001 11000001 11111111
011000010 11000010 11111111
011000011 11000011 11111111
011000100 11000100 11111111
011000101 11000101 11111111
011000110 11000110 11111111
011000111 11000111 11111111
011001000 11001000 11111111
011001001 11001001 11111111
011001010 11001010 11111111
011001011 11001011 11111111
011001100 11001100 11111111
011001101 11001101 11111111
011001110 11001110 11111111
011001111 11001111 11111111
011010000 11010000 11111111
011010001 11010001 11111111
011010010 11010010 11111111
011010011 11010011 11111111
011010100 11010100 11111111
011010101 11010101 11111111
011010110 11010110 11111111
011010111 11010111 11111111
011011000 11011000 11111111
011011001 11011001 11111111
011011010 11011010 11111111
011011011 11011011 11111111
011011100 11011100 11111111
011011101 11011101 11111111
011011110 11011110 11111111
011011111 11011111 11111111
011100000 11100000 11111111
011100001 11100001 11111111
011100010 11100010 11111111
011100011 11100011 11111111
011100100 11100100 11111111
011100101 11100101 11111111
011100110 11100110 11111111
011100111 11100111 11111111
011101000 11101000 11111111
011101001 11101001 11111111
011101010 11101010 11111111
011101011 11101011 11111111
011101100 11101100 11111111
011101101 11101101 11111111
011101110 11101110 11111111
011101111 11101111 11111111
011110000 11110000 11111111
011110001 11110001 11111111
011110010 11110010 11111111
011110011 11110011 11111111
011110100 11110100 11111111
011110101 11110101 11111111
011110110 11110110 11111111
011110111 11110111 11111111
011111000 11111000 11111111
011111001 11111001 11111111
011111010 11111010 11111111
011111011 11111011 11111111
011111100 11111100 11111111
011111101 11111101 11111111
011111110 11111110 11111111
011111111 11111111 11111111
100000000 00000000 11111111
100000001 00000010 11111111
100000010 00000100 11111111
100000011 00000110 11111111
100000100 00001000 11111111
100000101 00001010 11111111
100000110 00001100 11111111
100000111 00001110 11111111
100001000 00010000 11111111
100001001 00010010 11111111
100001010 00010100 11111111
100001011 00010110 11111111
100001100 00011000 11111111
100001101 00011010 11111111
100001110 00011100 11111111
100001111 00011110 11111111
100010000 00100000 11111111
100010001 00100010 11111111
100010010 00100100 11111111
100010011 00100110 11111111
100010100 00101000 11111111
100010101 00101010 11111111
100010110 00101100 11111111
100010111 00101110 11111111
100011000 00110000 11111111
100011001 00110010 11111111
100011010 00110100 11111111
100011011 00110110 11111111
100011100 00111000 11111111
100011101 00111010 11111111
100011110 00111100 11111111
100011111 00111110 11111111
100100000 01000000 11111111
100100001 01000010 11111111
100100010 01000100 11111111
100100011 01000110 11111111
100100100 01001000 11111111
100100101 01001010 11111111
100100110 01001100 11111111
100100111 01001110 11111111
100101000 01010000 11111111
100101001 01010010 11111111
100101010 01010100 11111111
100101011 01010110 11111111
100101100 01011000 11111111
100101101 01011010 11111111
100101110 01011100 11111111
100101111 01011110 11111111
100110000 01100000 11111111
100110001 01100010 11111111
100110010 01100100 11111111
100110011 01100110 11111111
100110100 01101000 11111111
100110101 01101010 11111111
100110110 01101100 11111111
100110111 01101110 11111111
100111000 01110000 11111111
100111001 01110010 11111111
100111010 01110100 11111111
100111011 01110110 11111111
100111100 01111000 11111111
100111101 01111010 11111111
100111110 01111100 11111111
100111111 01111110 11111111
101000000 10000000 11111111
101000001 10000010 11111111
101000010 10000100 11111111
101000011 10000110 11111111
101000100 10001000 11111111
101000101 10001010 11111111
101000110 10001100 11111111
101000111 10001110 11111111
101001000 10010000 11111111
101001001 10010010 11111111
101001010 10010100 11111111
101001011 10010110 11111111
101001100 10011000 11111111
101001101 10011010 11111111
101001110 10011100 11111111
101001111 10011110 11111111
101010000 10100000 11111111
101010001 10100010 11111111
101010010 10100100 11111111
101010011 10100110 11111111
101010100 10101000 11111111
101010101 10101010 11111111
101010110 10101100 11111111
101010111 10101110 11111111
101011000 10110000 11111111
101011001 10110010 11111111
101011010 10110100 11111111
101011011 10110110 11111111
101011100 10111000 11111111
101011101 10111010 11111111
101011110 10111100 11111111
101011111 10111110 11111111
101100000 11000000 11111111
101100001 11000010 11111111
101100010 11000100 11111111
101100011 11000110 11111111
101100100 11001000 11111111
101100101 11001010 11111111
101100110 11001100 11111111
101100111 11001110 11111111
101101000 11010000 11111111
101101001 11010010 11111111
101101010 11010100 11111111
101101011 11010110 11111111
101101100 11011000 11111111
101101101 11011010 11111111
101101110 11011100 11111111
101101111 11011110 11111111
101110000 11100000 11111111
101110001 11100010 11111111
101110010 11100100 11111111
101110011 11100110 11111111
101110100 11101000 11111111
101110101 11101010 11111111
101110110 11101100 11111111
101110111 11101110 11111111
101111000 11110000 11111111
101111001 11110010 11111111
101111010 11110100 11111111
101111011 11110110 11111111
101111100 11111000 11111111
101111101 11111010 11111111
101111110 11111100 11111111
101111111 11111110 11111111
110000000 00000000 11111111
110000001 00000010 11111111
110000010 00000100 11111111
110000011 00000110 11111111
110000100 00001000 11111111
110000101 00001010 11111111
110000110 00001100 11111111
110000111 00001110 11111111
110001000 00010000 11111111
110001001 00010010 11111111
110001010 00010100 11111111
110001011 00010110 11111111
110001100 00011000 11111111
110001101 00011010 11111111
110001110 00011100 11111111
110001111 00011110 11111111
110010000 00100000 11111111
110010001 00100010 11111111
110010010 00100100 11111111
110010011 00100110 11111111
110010100 00101000 11111111
110010101 00101010 11111111
110010110 00101100 11111111
110010111 00101110 11111111
110011000 00110000 11111111
110011001 00110010 11111111
110011010 00110100 11111111
110011011 00110110 11111111
110011100 00111000 11111111
110011101 00111010 11111111
110011110 00111100 11111111
110011111 00111110 11111111
110100000 01000000 11111111
110100001 01000010 11111111
110100010 01000100 11111111
110100011 01000110 11111111
110100100 01001000 11111111
110100101 01001010 11111111
110100110 01001100 11111111
110100111 01001110 11111111
110101000 01010000 11111111
110101001 01010010 11111111
110101010 01010100 11111111
110101011 01010110 11111111
110101100 01011000 11111111
110101101 01011010 11111111
110101110 01011100 11111111
110101111 01011110 11111111
110110000 01100000 11111111
110110001 01100010 11111111
110110010 01100100 11111111
110110011 01100110 11111111
110110100 01101000 11111111
110110101 01101010 11111111
110110110 01101100 11111111
110110111 01101110 11111111
110111000 01110000 11111111
110111001 01110010 11111111
110111010 01110100 11111111
110111011 01110110 11111111
110111100 01111000 11111111
110111101 01111010 11111111
110111110 01111100 11111111
110111111 01111110 11111111
111000000 10000000 11111111
111000001 10000010 11111111
111000010 10000100 11111111
111000011 10000110 11111111
111000100 10001000 11111111
111000101 10001010 11111111
111000110 10001100 11111111
111000111 10001110 11111111
111001000 10010000 11111111
111001001 10010010 11111111
111001010 10010100 11111111
111001011 10010110 11111111
111001100 10011000 11111111
111001101 10011010 11111111
111001110 10011100 11111111
111001111 10011110 11111111
111010000 10100000 11111111
111010001 10100010 11111111
111010010 10100100 11111111
111010011 10100110 11111111
111010100 10101000 11111111
111010101 10101010 11111111
111010110 10101100 11111111
111010111 10101110 11111111
111011000 10110000 11111111
111011001 10110010 11111111
111011010 10110100 11111111
111011011 10110110 11111111
111011100 10111000 11111111
111011101 10111010 11111111
111011110 10111100 11111111
111011111 10111110 11111111
111100000 11000000 11111111
111100001 11000010 11111111
111100010 11000100 11111111
111100011 11000110 11111111
111100100 11001000 11111111
111100101 11001010 11111111
111100110 11001100 11111111
111100111 11001110 11111111
111101000 11010000 11111111
111101001 11010010 11111111
111101010 11010100 11111111
111101011 11010110 11111111
111101100 11011000 11111111
111101101 11011010 11111111
111101110 11011100 11111111
111101111 11011110 11111111
111110000 11100000 11111111
111110001 11100010 11111111
111110010 11100100 11111111
111110011 11100110 11111111
111110100 11101000 11111111
111110101 11101010 11111111
111110110 11101100 11111111
111110111 11101110 11111111
111111000 11110000 11111111
111111001 11110010 11111111
111111010 11110100 11111111
111111011 11110110 11111111
111111100 11111000 11111111
111111101 11111010 11111111
111111110 11111100 11111111
111111111 11111110 11111111
