00000000 00000000 11111111
00000001 00000000 11111111
00000010 00000000 11111111
00000011 00000000 11111111
00000100 00000000 11111111
00000101 00000000 11111111
00000110 00000000 11111111
00000111 00000000 11111111
00001000 00000000 11111111
00001001 00000000 11111111
00001010 00000000 11111111
00001011 00000000 11111111
00001100 00000000 11111111
00001101 00000000 11111111
00001110 00000000 11111111
00001111 00000000 11111111
00010000 00000000 11111111
00010001 00000001 11111111
00010010 00000010 11111111
00010011 00000011 11111111
00010100 00000100 11111111
00010101 00000101 11111111
00010110 00000110 11111111
00010111 00000111 11111111
00011000 00001000 11111111
00011001 00001001 11111111
00011010 00001010 11111111
00011011 00001011 11111111
00011100 00001100 11111111
00011101 00001101 11111111
00011110 00001110 11111111
00011111 00001111 11111111
00100000 00000000 11111111
00100001 00000010 11111111
00100010 00000100 11111111
00100011 00000110 11111111
00100100 00001000 11111111
00100101 00001010 11111111
00100110 00001100 11111111
00100111 00001110 11111111
00101000 00010000 11111111
00101001 00010010 11111111
00101010 00010100 11111111
00101011 00010110 11111111
00101100 00011000 11111111
00101101 00011010 11111111
00101110 00011100 11111111
00101111 00011110 11111111
00110000 00000000 11111111
00110001 00000011 11111111
00110010 00000110 11111111
00110011 00001001 11111111
00110100 00001100 11111111
00110101 00001111 11111111
00110110 00010010 11111111
00110111 00010101 11111111
00111000 00011000 11111111
00111001 00011011 11111111
00111010 00011110 11111111
00111011 00100001 11111111
00111100 00100100 11111111
00111101 00100111 11111111
00111110 00101010 11111111
00111111 00101101 11111111
01000000 00000000 11111111
01000001 00000100 11111111
01000010 00001000 11111111
01000011 00001100 11111111
01000100 00010000 11111111
01000101 00010100 11111111
01000110 00011000 11111111
01000111 00011100 11111111
01001000 00100000 11111111
01001001 00100100 11111111
01001010 00101000 11111111
01001011 00101100 11111111
01001100 00110000 11111111
01001101 00110100 11111111
01001110 00111000 11111111
01001111 00111100 11111111
01010000 00000000 11111111
01010001 00000101 11111111
01010010 00001010 11111111
01010011 00001111 11111111
01010100 00010100 11111111
01010101 00011001 11111111
01010110 00011110 11111111
01010111 00100011 11111111
01011000 00101000 11111111
01011001 00101101 11111111
01011010 00110010 11111111
01011011 00110111 11111111
01011100 00111100 11111111
01011101 01000001 11111111
01011110 01000110 11111111
01011111 01001011 11111111
01100000 00000000 11111111
01100001 00000110 11111111
01100010 00001100 11111111
01100011 00010010 11111111
01100100 00011000 11111111
01100101 00011110 11111111
01100110 00100100 11111111
01100111 00101010 11111111
01101000 00110000 11111111
01101001 00110110 11111111
01101010 00111100 11111111
01101011 01000010 11111111
01101100 01001000 11111111
01101101 01001110 11111111
01101110 01010100 11111111
01101111 01011010 11111111
01110000 00000000 11111111
01110001 00000111 11111111
01110010 00001110 11111111
01110011 00010101 11111111
01110100 00011100 11111111
01110101 00100011 11111111
01110110 00101010 11111111
01110111 00110001 11111111
01111000 00111000 11111111
01111001 00111111 11111111
01111010 01000110 11111111
01111011 01001101 11111111
01111100 01010100 11111111
01111101 01011011 11111111
01111110 01100010 11111111
01111111 01101001 11111111
10000000 00000000 11111111
10000001 00001000 11111111
10000010 00010000 11111111
10000011 00011000 11111111
10000100 00100000 11111111
10000101 00101000 11111111
10000110 00110000 11111111
10000111 00111000 11111111
10001000 01000000 11111111
10001001 01001000 11111111
10001010 01010000 11111111
10001011 01011000 11111111
10001100 01100000 11111111
10001101 01101000 11111111
10001110 01110000 11111111
10001111 01111000 11111111
10010000 00000000 11111111
10010001 00001001 11111111
10010010 00010010 11111111
10010011 00011011 11111111
10010100 00100100 11111111
10010101 00101101 11111111
10010110 00110110 11111111
10010111 00111111 11111111
10011000 01001000 11111111
10011001 01010001 11111111
10011010 01011010 11111111
10011011 01100011 11111111
10011100 01101100 11111111
10011101 01110101 11111111
10011110 01111110 11111111
10011111 10000111 11111111
10100000 00000000 11111111
10100001 00001010 11111111
10100010 00010100 11111111
10100011 00011110 11111111
10100100 00101000 11111111
10100101 00110010 11111111
10100110 00111100 11111111
10100111 01000110 11111111
10101000 01010000 11111111
10101001 01011010 11111111
10101010 01100100 11111111
10101011 01101110 11111111
10101100 01111000 11111111
10101101 10000010 11111111
10101110 10001100 11111111
10101111 10010110 11111111
10110000 00000000 11111111
10110001 00001011 11111111
10110010 00010110 11111111
10110011 00100001 11111111
10110100 00101100 11111111
10110101 00110111 11111111
10110110 01000010 11111111
10110111 01001101 11111111
10111000 01011000 11111111
10111001 01100011 11111111
10111010 01101110 11111111
10111011 01111001 11111111
10111100 10000100 11111111
10111101 10001111 11111111
10111110 10011010 11111111
10111111 10100101 11111111
11000000 00000000 11111111
11000001 00001100 11111111
11000010 00011000 11111111
11000011 00100100 11111111
11000100 00110000 11111111
11000101 00111100 11111111
11000110 01001000 11111111
11000111 01010100 11111111
11001000 01100000 11111111
11001001 01101100 11111111
11001010 01111000 11111111
11001011 10000100 11111111
11001100 10010000 11111111
11001101 10011100 11111111
11001110 10101000 11111111
11001111 10110100 11111111
11010000 00000000 11111111
11010001 00001101 11111111
11010010 00011010 11111111
11010011 00100111 11111111
11010100 00110100 11111111
11010101 01000001 11111111
11010110 01001110 11111111
11010111 01011011 11111111
11011000 01101000 11111111
11011001 01110101 11111111
11011010 10000010 11111111
11011011 10001111 11111111
11011100 10011100 11111111
11011101 10101001 11111111
11011110 10110110 11111111
11011111 11000011 11111111
11100000 00000000 11111111
11100001 00001110 11111111
11100010 00011100 11111111
11100011 00101010 11111111
11100100 00111000 11111111
11100101 01000110 11111111
11100110 01010100 11111111
11100111 01100010 11111111
11101000 01110000 11111111
11101001 01111110 11111111
11101010 10001100 11111111
11101011 10011010 11111111
11101100 10101000 11111111
11101101 10110110 11111111
11101110 11000100 11111111
11101111 11010010 11111111
11110000 00000000 11111111
11110001 00001111 11111111
11110010 00011110 11111111
11110011 00101101 11111111
11110100 00111100 11111111
11110101 01001011 11111111
11110110 01011010 11111111
11110111 01101001 11111111
11111000 01111000 11111111
11111001 10000111 11111111
11111010 10010110 11111111
11111011 10100101 11111111
11111100 10110100 11111111
11111101 11000011 11111111
11111110 11010010 11111111
11111111 11100001 11111111
