00000000 00000 11111
00000001 00001 11111
00000010 00010 11111
00000011 00011 11111
00000100 00100 11111
00000101 00101 11111
00000110 00110 11111
00000111 00111 11111
00001000 01000 11111
00001001 01001 11111
00001010 01010 11111
00001011 01011 11111
00001100 01100 11111
00001101 01101 11111
00001110 01110 11111
00001111 01111 11111
00010000 00001 11111
00010001 00010 11111
00010010 00011 11111
00010011 00100 11111
00010100 00101 11111
00010101 00110 11111
00010110 00111 11111
00010111 01000 11111
00011000 01001 11111
00011001 01010 11111
00011010 01011 11111
00011011 01100 11111
00011100 01101 11111
00011101 01110 11111
00011110 01111 11111
00011111 10000 11111
00100000 00010 11111
00100001 00011 11111
00100010 00100 11111
00100011 00101 11111
00100100 00110 11111
00100101 00111 11111
00100110 01000 11111
00100111 01001 11111
00101000 01010 11111
00101001 01011 11111
00101010 01100 11111
00101011 01101 11111
00101100 01110 11111
00101101 01111 11111
00101110 10000 11111
00101111 10001 11111
00110000 00011 11111
00110001 00100 11111
00110010 00101 11111
00110011 00110 11111
00110100 00111 11111
00110101 01000 11111
00110110 01001 11111
00110111 01010 11111
00111000 01011 11111
00111001 01100 11111
00111010 01101 11111
00111011 01110 11111
00111100 01111 11111
00111101 10000 11111
00111110 10001 11111
00111111 10010 11111
01000000 00100 11111
01000001 00101 11111
01000010 00110 11111
01000011 00111 11111
01000100 01000 11111
01000101 01001 11111
01000110 01010 11111
01000111 01011 11111
01001000 01100 11111
01001001 01101 11111
01001010 01110 11111
01001011 01111 11111
01001100 10000 11111
01001101 10001 11111
01001110 10010 11111
01001111 10011 11111
01010000 00101 11111
01010001 00110 11111
01010010 00111 11111
01010011 01000 11111
01010100 01001 11111
01010101 01010 11111
01010110 01011 11111
01010111 01100 11111
01011000 01101 11111
01011001 01110 11111
01011010 01111 11111
01011011 10000 11111
01011100 10001 11111
01011101 10010 11111
01011110 10011 11111
01011111 10100 11111
01100000 00110 11111
01100001 00111 11111
01100010 01000 11111
01100011 01001 11111
01100100 01010 11111
01100101 01011 11111
01100110 01100 11111
01100111 01101 11111
01101000 01110 11111
01101001 01111 11111
01101010 10000 11111
01101011 10001 11111
01101100 10010 11111
01101101 10011 11111
01101110 10100 11111
01101111 10101 11111
01110000 00111 11111
01110001 01000 11111
01110010 01001 11111
01110011 01010 11111
01110100 01011 11111
01110101 01100 11111
01110110 01101 11111
01110111 01110 11111
01111000 01111 11111
01111001 10000 11111
01111010 10001 11111
01111011 10010 11111
01111100 10011 11111
01111101 10100 11111
01111110 10101 11111
01111111 10110 11111
10000000 01000 11111
10000001 01001 11111
10000010 01010 11111
10000011 01011 11111
10000100 01100 11111
10000101 01101 11111
10000110 01110 11111
10000111 01111 11111
10001000 10000 11111
10001001 10001 11111
10001010 10010 11111
10001011 10011 11111
10001100 10100 11111
10001101 10101 11111
10001110 10110 11111
10001111 10111 11111
10010000 01001 11111
10010001 01010 11111
10010010 01011 11111
10010011 01100 11111
10010100 01101 11111
10010101 01110 11111
10010110 01111 11111
10010111 10000 11111
10011000 10001 11111
10011001 10010 11111
10011010 10011 11111
10011011 10100 11111
10011100 10101 11111
10011101 10110 11111
10011110 10111 11111
10011111 11000 11111
10100000 01010 11111
10100001 01011 11111
10100010 01100 11111
10100011 01101 11111
10100100 01110 11111
10100101 01111 11111
10100110 10000 11111
10100111 10001 11111
10101000 10010 11111
10101001 10011 11111
10101010 10100 11111
10101011 10101 11111
10101100 10110 11111
10101101 10111 11111
10101110 11000 11111
10101111 11001 11111
10110000 01011 11111
10110001 01100 11111
10110010 01101 11111
10110011 01110 11111
10110100 01111 11111
10110101 10000 11111
10110110 10001 11111
10110111 10010 11111
10111000 10011 11111
10111001 10100 11111
10111010 10101 11111
10111011 10110 11111
10111100 10111 11111
10111101 11000 11111
10111110 11001 11111
10111111 11010 11111
11000000 01100 11111
11000001 01101 11111
11000010 01110 11111
11000011 01111 11111
11000100 10000 11111
11000101 10001 11111
11000110 10010 11111
11000111 10011 11111
11001000 10100 11111
11001001 10101 11111
11001010 10110 11111
11001011 10111 11111
11001100 11000 11111
11001101 11001 11111
11001110 11010 11111
11001111 11011 11111
11010000 01101 11111
11010001 01110 11111
11010010 01111 11111
11010011 10000 11111
11010100 10001 11111
11010101 10010 11111
11010110 10011 11111
11010111 10100 11111
11011000 10101 11111
11011001 10110 11111
11011010 10111 11111
11011011 11000 11111
11011100 11001 11111
11011101 11010 11111
11011110 11011 11111
11011111 11100 11111
11100000 01110 11111
11100001 01111 11111
11100010 10000 11111
11100011 10001 11111
11100100 10010 11111
11100101 10011 11111
11100110 10100 11111
11100111 10101 11111
11101000 10110 11111
11101001 10111 11111
11101010 11000 11111
11101011 11001 11111
11101100 11010 11111
11101101 11011 11111
11101110 11100 11111
11101111 11101 11111
11110000 01111 11111
11110001 10000 11111
11110010 10001 11111
11110011 10010 11111
11110100 10011 11111
11110101 10100 11111
11110110 10101 11111
11110111 10110 11111
11111000 10111 11111
11111001 11000 11111
11111010 11001 11111
11111011 11010 11111
11111100 11011 11111
11111101 11100 11111
11111110 11101 11111
11111111 11110 11111