010 010
011 010
010 010
001 111
000 111
001 100
000 100
001 000
000 000
001 101
000 101
001 110
000 110
001 011
000 011
001 001
000 001
001 110
ERROR: line 19
000 110
001 011
ERROR: line 21
000 011
001 001
ERROR: line 23
000 001
001 110
ERROR: line 25
000 110
100 011
101 010
ERROR: line 28
100 010
101 001
ERROR: line 30
100 001
101 011
ERROR: line 32
100 011
101 010
ERROR: line 34
100 010
101 001
ERROR: line 36
100 001
101 011
ERROR: line 38
100 011
101 010
ERROR: line 40
100 010
111 010
110 010
111 010
110 010
111 010
110 010
