010 010 000
011 010 000
010 010 111
001 111 000
000 111 111
001 100 000
000 100 111
001 000 000
000 000 111
001 101 000
000 101 111
001 110 000
000 110 111
001 011 000
000 011 111
001 001 000
000 001 111
001 010 000
000 010 111
001 111 000
000 111 111
001 100 000
000 100 111
001 000 000
000 000 111
100 000 000
101 100 000
100 100 111
101 111 000
100 111 111
101 010 000
100 010 111
101 001 000
100 001 111
101 011 000
100 011 111
101 110 000
100 110 111
101 101 000
100 101 111
111 010 000
110 010 111
111 010 000
110 010 111
111 010 000
110 010 111
