0000000 0 1
0000001 0 1
0000010 0 1
0000011 0 1
0000100 0 1
0000101 0 1
0000110 0 1
0000111 0 1
0001000 0 1
0001001 0 1
0001010 0 1
0001011 0 1
0001100 0 1
0001101 0 1
0001110 0 1
0001111 0 1
0010000 0 1
0010001 0 1
0010010 0 1
0010011 0 1
0010100 0 1
0010101 0 1
0010110 0 1
0010111 0 1
0011000 0 1
0011001 0 1
0011010 0 1
0011011 0 1
0011100 0 1
0011101 0 1
0011110 0 1
0011111 0 1
0100000 0 1
0100001 0 1
0100010 0 1
0100011 0 1
0100100 0 1
0100101 0 1
0100110 0 1
0100111 0 1
0101000 0 1
0101001 0 1
0101010 0 1
0101011 0 1
0101100 0 1
0101101 0 1
0101110 0 1
0101111 0 1
0110000 0 1
0110001 0 1
0110010 0 1
0110011 0 1
0110100 0 1
0110101 0 1
0110110 0 1
0110111 0 1
0111000 0 1
0111001 0 1
0111010 0 1
0111011 0 1
0111100 0 1
0111101 0 1
0111110 0 1
0111111 0 1
1000000 0 1
1000001 0 1
1000010 0 1
1000011 0 1
1000100 0 1
1000101 0 1
1000110 0 1
1000111 0 1
1001000 1 1
1001001 1 1
1001010 1 1
1001011 1 1
1001100 1 1
1001101 1 1
1001110 1 1
1001111 1 1
1010000 0 1
1010001 0 1
1010010 0 1
1010011 0 1
1010100 1 1
1010101 1 1
1010110 1 1
1010111 1 1
1011000 0 1
1011001 0 1
1011010 0 1
1011011 0 1
1011100 1 1
1011101 1 1
1011110 1 1
1011111 1 1
1100000 0 1
1100001 0 1
1100010 1 1
1100011 1 1
1100100 0 1
1100101 0 1
1100110 1 1
1100111 1 1
1101000 0 1
1101001 0 1
1101010 1 1
1101011 1 1
1101100 0 1
1101101 0 1
1101110 1 1
1101111 1 1
1110000 0 1
1110001 1 1
1110010 0 1
1110011 1 1
1110100 0 1
1110101 1 1
1110110 0 1
1110111 1 1
1111000 0 1
1111001 1 1
1111010 0 1
1111011 1 1
1111100 0 1
1111101 1 1
1111110 0 1
1111111 1 1
